eigenvector: 
[ 0.69027054  0.7128519  -0.12397078]
[0.1674963  0.00925335 0.98582928]
distortion: 0.004654
representation of each sample point:
[-0.03995589  0.1562989 ]
[-1.57547136  0.22408163]
[-0.1873256   0.31707157]
[0.08600985 1.18365294]
[2.10704774 1.76179659]
[-0.02670693  0.17850281]
[1.02037777 2.30696371]
[2.00375336 0.16564135]
[0.27412916 0.52128402]
[-0.82131731  0.87542984]
[ 1.0867067  -0.53961337]
[ 0.48905828 -0.57085471]
[ 0.78651213 -0.82291266]
[-2.44822008 -2.46235849]
[-3.45749501  0.78618046]
[-1.29803732  0.18494851]
[-0.34165051  1.12889928]
[ 0.98897262 -1.07425342]
[ 0.95840511 -1.22832573]
[ 0.87081226 -0.22292066]
[-0.48522833 -0.05014008]
[1.58060357 0.42584742]
[-3.0615617 -0.9998327]
[ 1.42951139 -0.36524357]
[-0.87275601 -0.86619596]
[1.41699589 2.45156848]
[2.26575697 0.98107126]
[0.18096077 0.46036786]
[ 0.82707293 -0.19809578]
[0.11252987 0.97788937]
[-3.16237045 -0.05270196]
[-1.9762882 -0.9415702]
[-1.28611712 -0.26669271]
[-0.68534494  0.89061659]
[-1.40734776 -0.93525819]
[-0.03831618  0.7232674 ]
[-1.82084984  0.38953564]
[-0.59939008 -0.50994928]
[-0.74992057 -0.36256064]
[-1.28603171 -0.33672631]
[ 0.39640009 -0.40804681]
[2.01648181 0.63600792]
[-0.34300007 -0.26089777]
[ 1.15087365 -0.74995041]
[-0.2254768   1.40149142]
[-0.12106245  0.69390891]
[0.16208926 1.03909303]
[3.14263409 0.25881655]
[-0.03277535 -0.54889697]
[-1.8176015  -0.50901403]
